#Mon Mar 03 18:01:57 KST 2014
ACTIVE_PART_STACK__SELECTED_FILL_COLOR=180.0, 0.0, 1.0, 0|205.19084, 0.0, 1.0, 100
ACTIVE_PART_STACK__HOVER_FILL=true
ACTIVE_PART_STACK__HOVER_FILL_COLOR=0.0, 0.0, 0.62234044, 0|0.0, 0.0, 0.7659575, 10|0.0, 0.0, 0.93085104, 19|0.0, 0.0, 0.85638297, 100
ACTIVE_PART_STACK__UNSELECTED_BORDER_SHOW=false
ACTIVE_PART_STACK__SELECTED_TEXT_SHADOW_POSITION=0, 0
ACTIVE_PART_STACK__HOVER_BORDER_SHOW=false
ACTIVE_PART_STACK__HOVER_TEXT_SHADOW_POSITION=0, 1
ACTIVE_PART_STACK__BORDER_SHOW=false
ACTIVE_PART_STACK__BACKGROUND_COLOR=0.0, 0.005319149, 0.5478723, 0|0.0, 0.0, 0.7287234, 11|0.0, 0.0, 0.8244681, 19|0.0, 0.005319149, 0.6968085, 100
ACTIVE_PART_STACK__UNSELECTED_TEXT_SHADOW_POSITION=0, 1
ACTIVE_PART_STACK__SELECTED_TEXT_SHADOW_COLOR=0.0, 0.0, 0.7021277
ACTIVE_PART_STACK__SELECTED_BORDER_COLOR=205.65218, 0.56914896, 0.5638298, 0|205.60976, 0.5694445, 0.5647059, 100
ACTIVE_PART_STACK__HOVER_BORDER_COLOR=0.0, 0.0, 1.0, 0|0.0, 0.0, 0.8627451, 100
ACTIVE_PART_STACK__BORDER_COLOR=205.60976, 0.5694445, 0.5647059, 0|205.60976, 0.5694445, 0.5647059, 100
ACTIVE_PART_STACK__UNSELECTED_TEXT_COLOR=135.0, 0.23404256, 0.38297874
ACTIVE_PART_STACK__UNSELECTED_FILL=false
ACTIVE_PART_STACK__HOVER_TEXT_SHADOW_COLOR=0.0, 0.0, 1.0
ACTIVE_PART_STACK__UNSELECTED_TEXT_SHADOW_COLOR=0.0, 0.0, 1.0
ACTIVE_PART_STACK__SELECTED_BORDER_SHOW=false
ACTIVE_PART_STACK__SELECTED_TEXT_COLOR=0.0, 1.0, 0.0
ACTIVE_PART_STACK__UNSELECTED_FILL_COLOR=0.0, 0.0, 1.0, 0|60.0, 0.2712766, 0.7819149, 100
ACTIVE_PART_STACK__UNSELECTED_BORDER_COLOR=0.0, 1.0, 1.0, 0|360.0, 1.0, 1.0, 100
ACTIVE_PART_STACK__HOVER_TEXT_COLOR=135.0, 0.234043, 0.382979
